  -4.9000922e+02   2.9750647e+02
   7.5905778e+01   1.7807066e+02
   2.6130673e+02   4.7390289e+02
  -4.1293815e+02   1.6024400e+02
  -4.3708966e+02  -2.5344827e+02
   1.4013604e+02  -4.9198345e+01
   4.0488387e+02  -2.4805795e+02
  -8.9975874e+01   2.6049864e+02
   2.8169312e+02   2.2211473e+01
   5.9940654e+00  -3.9138600e+02
  -2.3759362e+02   1.8629898e+02
  -1.2080013e+02   1.6255524e+02
  -2.7458301e+01   4.0574345e+02
   2.1977355e+02  -1.0194276e+01
   7.9471528e+01  -3.6659147e+01
  -3.2434203e+01   1.6341713e+02
  -2.4124309e+02   4.3750899e+02
   1.4335563e+02  -1.7313460e+02
  -4.6170428e+02  -4.7678759e+02
  -4.3936154e+02   2.7308308e+02
   2.3965517e+02  -4.1513018e+02
  -4.7817851e+02   3.5648888e+01
   1.4910745e+02   2.9836475e+02
   3.8804527e+02   4.7524187e+01
   3.9979732e+02   3.0282343e+02
  -2.0591868e+02  -1.8442291e+02
   3.1278513e+02  -1.0350026e+02
   6.7494444e+01  -2.9337749e+01
   4.3304665e+02  -2.3597136e+02
   2.9851035e+02   2.7733709e+02
  -2.2332797e+02  -5.9107967e+00
   4.9843965e+02   1.2691416e+02
   2.2677230e+02   1.2241479e+01
  -2.1338925e+02   3.4448408e+02
   9.1551917e+01   3.0100095e+02
   2.4911407e+02  -4.3271085e+00
  -4.9763823e+01   3.6713633e+02
  -4.5889763e+02  -2.8894904e+00
   4.5569183e+02   4.6179879e+02
  -1.6893692e+01  -4.2716698e+02
  -4.1679622e+02  -1.2257359e+02
  -4.4678678e+02   9.0922938e+01
   1.3088465e+02  -2.8414878e+02
  -1.9513344e+02   1.7643590e+02
   2.4022806e+02   1.6710857e+02
   6.2932457e+01   2.5490446e+02
   2.1246701e+02   2.8123999e+02
   1.4566500e+02   1.1583930e+02
  -1.9314734e+02   3.0990929e+02
   4.3579878e+01  -2.0991599e+02
   3.2856509e+01   1.8854347e+02
   1.6213988e+02  -1.6463880e+01
   8.4895581e+01   2.3154096e+02
   1.5838503e+02   1.7727957e+02
   2.3493802e+02   1.0067657e+02
   8.2968390e+01   1.6305285e+02
   8.0706553e+00   1.7882799e+02
   3.7615323e+01   1.3040605e+02
   8.5214327e+01   4.5201688e+01
  -2.4022010e+01   6.0187017e+01
   1.4350356e+02   6.1128788e+01
  -3.1195273e+01   8.2254719e+01
   2.0114525e+02   1.5782664e+02
   1.4906234e+01   2.1045815e+02
   2.4677831e+01  -9.2343646e+00
   5.5991819e+00   2.0394432e+01
  -1.7201456e+01   7.0554259e+01
   1.2704307e+02   1.4872084e+02
   6.8166248e+01   1.8107820e+02
   9.1918044e+01   1.0537748e+02
   2.3627484e+02   1.1554662e+02
   5.8505121e+00   9.8189977e+01
   8.9374449e+01   2.0969099e+02
   2.2380005e+02   1.2339836e+02
   5.2540727e+01   1.0409352e+02
   2.0890317e+02   5.8116038e+01
   1.5940348e+02   1.4123242e+02
   1.9971472e+02   2.2362360e+00
   4.0958460e+01  -2.9230393e+00
   1.3373507e+02  -1.0919365e+01
   1.0211735e+02  -1.0054646e+01
   1.8724336e+02   6.0905996e+01
   1.5295154e+02   1.7218702e+02
   2.3634842e+02   1.1865092e+02
   3.2693100e+01   5.6865420e+01
   9.9790126e+01   1.2586980e+02
   1.9595399e+01   1.8822461e+02
   1.8476282e+02   5.5611513e+01
   1.1945724e+02   2.1253325e+02
   5.2347980e+01  -7.4234711e+00
   1.0452844e+02   1.2562426e+02
   7.5749862e+01   1.4069584e+02
   1.1203899e+02  -2.3060179e+01
   3.7015352e+01   9.7731832e+01
   1.3279504e+02   1.2602620e+02
   7.1213936e+01   6.4382674e+01
   1.5791741e+02   1.4566238e+00
   6.8492307e+01   4.1713900e+01
  -4.8321527e+00   1.3834041e+02
   5.9680582e+01   8.5802854e+01
  -2.2809787e+02  -2.7397187e+02
  -3.6389939e+02  -1.7782724e+02
  -3.3121261e+02  -2.1608478e+02
  -3.4381586e+02  -2.8949245e+02
  -2.6875560e+02  -2.4943925e+02
  -3.6423880e+02  -1.3265986e+02
  -2.4888838e+02  -2.4229901e+02
  -4.0178679e+02  -1.8293037e+02
  -1.8712119e+02  -1.7016016e+02
  -3.2301175e+02  -2.3903298e+02
  -3.5139728e+02  -1.4856643e+02
  -4.1640009e+02  -1.7455945e+02
  -2.8174587e+02  -2.3492823e+02
  -2.7492571e+02  -2.6713376e+02
  -2.7187700e+02  -3.0540348e+02
  -2.3214311e+02  -1.3200944e+02
  -2.8919444e+02  -2.7819100e+02
  -3.0623758e+02  -2.7149859e+02
  -3.4038480e+02  -3.0387764e+02
  -3.5268734e+02  -1.3117108e+02
  -2.1591550e+02  -2.6869244e+02
  -3.6928001e+02  -2.6538400e+02
  -3.8755445e+02  -1.4498151e+02
  -2.8493201e+02  -1.4894914e+02
  -2.5513272e+02  -2.6503560e+02
  -3.3296664e+02  -2.2412959e+02
  -2.5513523e+02  -1.7904934e+02
  -3.3729954e+02  -2.0117796e+02
  -2.6138059e+02  -1.0597416e+02
  -3.3472259e+02  -1.4629206e+02
  -2.7584032e+02  -2.4425221e+02
  -3.1657446e+02  -2.5271098e+02
  -2.8554517e+02  -2.1462353e+02
  -3.1622863e+02  -8.5718338e+01
  -2.7474925e+02  -1.9894493e+02
  -2.1674824e+02  -1.9657515e+02
  -2.6464771e+02  -1.6751697e+02
  -3.8244846e+02  -2.5406709e+02
  -4.1334142e+02  -2.3853030e+02
  -3.9499450e+02  -2.6289769e+02
  -2.8532742e+02  -2.7435244e+02
  -2.3632486e+02  -1.1042730e+02
  -2.9047501e+02  -3.1742783e+02
  -3.0673249e+02  -1.2494880e+02
  -2.5018190e+02  -2.0844296e+02
  -3.5393429e+02  -2.2488353e+02
  -3.0723792e+02  -2.2029192e+02
  -2.1251619e+02  -2.4675295e+02
  -2.7879927e+02  -2.0516578e+02
  -1.9424678e+02  -2.4736934e+02
   1.8821516e+02  -1.8735191e+02
   2.4254457e+02  -8.7773180e+01
   3.1921816e+02  -1.6998065e+02
   2.7377625e+02  -1.2210046e+02
   2.6144040e+02  -2.1573192e+02
   3.0044650e+02  -1.7548067e+02
   2.2053038e+02  -1.4986951e+02
   3.1062242e+02  -1.6462713e+02
   2.5080946e+02  -1.2806561e+02
   1.9736876e+02  -1.5630080e+02
   1.8456030e+02  -1.8975023e+02
   2.1071729e+02  -1.3575636e+02
   2.6455504e+02  -2.0447711e+02
   2.1453704e+02  -1.6572938e+02
   2.0730490e+02  -1.2789162e+02
   2.0291805e+02  -1.1788673e+02
   2.2069106e+02  -1.5833269e+02
   3.2053480e+02  -1.8596335e+02
   2.2874962e+02  -2.1927024e+02
   1.7578891e+02  -1.4693802e+02
   2.1679809e+02  -1.4104982e+02
   3.0591594e+02  -1.0060459e+02
   2.4575983e+02  -1.3266460e+02
   2.5203576e+02  -1.4883681e+02
   2.0429241e+02  -1.4326538e+02
   3.1779817e+02  -1.5740878e+02
   1.9648196e+02  -1.8659501e+02
   2.1577521e+02  -9.7330872e+01
   1.7064151e+02  -1.5434595e+02
   2.3979927e+02  -1.2702989e+02
   2.3151662e+02  -1.3452653e+02
   2.1207063e+02  -1.9022161e+02
   2.0289035e+02  -1.7738739e+02
   1.9223063e+02  -1.1470895e+02
   3.0791623e+02  -1.1814245e+02
   2.0588974e+02  -2.0826948e+02
   2.7998032e+02  -1.7950269e+02
   2.1796932e+02  -1.6393774e+02
   3.0272458e+02  -1.3095459e+02
   2.9681971e+02  -1.4985820e+02
   2.6763941e+02  -1.7483408e+02
   3.1744787e+02  -1.1992957e+02
   2.3770297e+02  -1.7399573e+02
   2.6119880e+02  -1.6014904e+02
   1.9209218e+02  -1.3837606e+02
   2.3081191e+02  -8.0390893e+01
   3.2923714e+02  -1.4390778e+02
   2.2612962e+02  -8.3150530e+01
   3.1520432e+02  -1.0820780e+02
   2.4513372e+02  -7.3410561e+01