   5.0627484e+01   4.1328109e+02
   1.3833128e+02   1.3757153e+02
   7.2789897e+01  -2.9709073e+01
   3.1469413e+01   3.9006418e+02
   4.1910302e+02  -3.2066352e+02
  -4.8405922e+02   3.0032207e+02
  -2.9266691e+02   4.1228346e+02
   8.2756748e+01   2.9094140e+02
   2.4122539e+02   3.1252074e+02
   2.6429394e+01   1.0953046e+02
   4.5776707e+02   4.0032272e+02
   4.8595372e+02  -4.7250612e+02
   2.9841011e+02  -2.6849182e+02
   2.2725266e+02   4.4444544e+02
  -3.4361349e+02   1.4005733e+02
   3.4899796e+02   9.4813783e+00
  -4.4844935e+02   1.2169040e+02
   1.4425880e+02  -2.8371775e+00
  -5.8117858e+01   1.1133719e+02
  -4.8668115e+02  -3.8902363e+02
  -3.5196121e+02  -2.6351771e+02
   1.1794018e+02  -4.8254661e+02
   4.3364793e+02   3.2680647e+02
   1.3859102e+02  -7.3886541e+00
   4.1993370e+02   1.2552566e+01
   2.4078859e+02  -2.7379205e+02
  -1.2134646e+02  -3.1761028e+02
  -1.3858503e+02   4.2193543e+02
   4.2666025e+02   4.4529280e+02
  -9.2050819e+01   5.5973913e+01
  -4.8390674e+02   1.2455111e+02
  -4.1198842e+02   1.2569121e+02
   2.0590146e+02  -2.0768958e+02
   3.9941182e+02   4.0107600e+02
   3.2992754e+02  -4.7994027e+02
  -1.4964942e+01  -3.3170681e+02
  -2.2511400e+02   4.2705463e+01
  -3.5395901e+01  -3.9469459e+02
   2.0301829e+02  -4.6091173e+02
   2.6301121e+02  -1.7735992e+02
   4.9156146e+02   4.2088326e+02
   2.1980147e+02   2.0474700e+02
  -4.3025179e+01   1.3879647e+02
   1.3866676e+01  -4.1361907e+02
  -1.4478843e+02  -2.6959556e+02
  -1.5423331e+01  -1.7879116e+02
   2.1122301e+02  -9.0615682e+01
   3.1815261e+02  -3.9344662e+02
   2.3746087e+02   2.1617255e+02
   4.4805835e+02   3.3403095e+02
  -1.4894679e+02   2.0655879e+02
   1.6787516e+02   2.4467962e+02
   3.8816694e+02   2.3651036e+02
   1.8932610e+02  -4.8763238e+02
   2.6277335e+02   8.3642643e+01
   5.2320602e+01   1.9574636e+02
  -4.3248771e+02  -4.9399364e+02
   7.4937400e+01   2.1462981e+01
  -3.0060865e+02   3.3731110e+02
   1.8193832e+01  -4.4237276e+02
   4.5144944e+02  -1.1844415e+02
  -3.8173159e+02   1.9813869e+01
   4.6860986e+02   3.2791469e+02
   3.6062683e+02   4.2602571e+02
  -4.4362981e+02   3.9236645e+01
   3.1017792e+02  -3.0669703e+01
  -2.2570928e+02   1.1788255e+01
  -4.8181657e+02   4.4163768e+02
  -1.4556546e+02  -4.3234833e+02
   1.3256408e+02  -3.3760988e+02
  -1.3804711e+02   2.7377067e+02
   1.3261048e+01   2.2134221e+02
   4.9866344e+02   2.1424308e+02
   2.1858175e+02   1.8528259e+02
   3.7489401e+02  -1.3712254e+02
  -7.3472632e+01  -4.6605296e+02
  -3.5409246e+01   3.9808673e+02
  -3.6587729e+02  -4.9887314e+02
  -4.0825218e+02   4.1837579e+02
  -1.8246683e+01  -1.5586861e+02
   4.3029149e+02  -2.7351678e+02
  -5.2891038e+01  -1.3458727e+02
  -1.8926192e+02   8.0313171e+01
  -2.5580238e+02  -5.7344572e+01
   4.4025619e+02   7.4665469e+01
  -1.5730317e+02   4.3901432e+01
   3.6896411e+02   1.3041386e+02
   4.3020078e+02   3.8922911e+02
  -1.6254757e+02   4.1687393e+01
  -2.2883289e+02   4.7639626e+02
   2.6121712e+01  -1.0761959e+02
   9.8748582e+01  -1.6994677e+02
   6.4627849e+01   2.7111622e+00
  -3.7585493e+02   2.7123509e+02
   6.7014290e+01   8.7253464e+01
  -2.7168826e+01   1.8874340e+02
  -2.3029287e+02  -3.6546455e+02
   4.8394523e+02   4.8523441e+02
  -2.8700585e+02   3.3905825e+02
  -2.5004751e+02  -4.6542883e+02
   4.5112484e+02  -4.2816731e+02
   2.4307237e+02  -4.1579351e+02
   1.1656298e+01  -1.7938142e+02
  -4.4888519e+01  -3.3827408e+02
  -1.9147290e+02  -4.4711067e+02
   2.1327884e+02   4.8167527e+02
   4.0811982e+02   1.9563732e+02
  -5.5387025e+01   2.1077531e+02
   2.7445974e+02  -2.6534188e+02
   6.8064063e+01   2.8543428e+02
  -3.9445693e+02   2.9849195e+02
  -9.4575038e+01  -3.3098727e+02
  -1.6402162e+02  -1.1830686e+02
  -2.4090284e+02  -1.2678690e+02
  -3.4014624e+01   2.9772537e+02
   7.5794242e+01  -1.3963401e+02
   3.5436709e+02   5.6014885e+01
  -4.7131919e+02  -9.1970366e+01
   2.3412392e+02   4.6808463e+02
  -2.6856705e+02   1.9780970e+02
   2.8090949e+02   2.5487548e+02
   1.7821804e+02  -3.5670104e+02
  -3.3740692e+02   3.2978350e+02
  -2.4996590e+02  -1.8558134e+02
   4.7537636e+02   4.0767935e+01
   2.7187808e+02  -4.3492530e+02
   3.4786713e+02  -2.3223354e+02
  -1.3035216e+02  -1.4423224e+02
   1.7676516e+02  -4.4627745e+02
  -6.8325221e+01  -5.6425685e+01
   1.5394374e+02   6.1998114e+01
   1.7911181e+02   4.7020209e+02
   4.4748791e+02  -4.0972932e+02
   6.4469663e+00  -4.8275719e+02
  -5.6752998e+01  -2.6882254e+02
  -4.0357852e+02  -4.3585474e+02
  -5.2137145e+01   4.1054561e+00
   3.1701887e+02  -2.6621669e+02
  -8.7073304e+01   4.8499659e+02
   1.0000964e+02   1.0563484e+02
  -4.1332181e+02  -2.1345582e+01
  -3.8268288e+02   2.9963240e+02
   4.9147515e+02  -1.3106445e+02
   1.5387972e+02   1.5162940e+02
   1.3617775e+02  -4.2743523e+02
   3.6665355e+02  -3.7498044e+02
  -2.2382690e+02  -3.2240010e+02
   1.6598159e+02  -2.0020376e+02
  -4.2531882e+02   3.2256555e+02
  -4.4513171e+02   1.8774856e+02
   3.6696213e+02   4.4699671e+02
   3.8806899e+02   2.3135878e+02
   4.8138363e+02  -4.5949537e+02
   3.9820407e+02   4.4504754e+02
  -3.7219570e+02   4.4405722e+02
  -3.4493639e+02  -4.0976420e+02
   3.1345821e+02  -3.6302657e+02
   2.0082530e+01  -1.3427806e+02
   2.9221067e+02  -3.6607055e+02
   1.0839647e+02   2.1792162e+00
   2.6714680e+02   2.1615221e+02
   4.4127678e+02   1.2465633e+02
   1.6402478e+02  -3.9173663e+02
   2.3624340e+02  -1.3358619e+02
  -2.4882223e+02  -4.0147125e+02
  -4.0349025e+02   3.1398407e+02
   2.7512545e+02   4.9910142e+02
   2.0699075e+02   1.3862440e+02
   2.0195263e+02  -1.9493024e+02
  -2.7260877e+02   3.5411193e+02
   4.1842785e+02   4.3667401e+02
  -3.2047342e+01  -4.3391108e+02
   6.4516928e+01   2.2965097e+02
   1.3680506e+02   3.0348925e+02
   1.8741876e+02  -4.2126523e+02
  -4.2805363e+02  -3.1943416e+01
   4.7996268e+02   1.8771440e+02
  -4.3827311e+02  -4.1570277e+02
  -2.1843609e+02   4.4420442e+02
  -3.9523089e+01  -3.7836709e+02
   3.1786930e+02   2.0452511e+02
  -3.2419679e+02   3.0795770e+02
  -4.7393640e+02   2.0999387e+01
   4.4277558e+02   5.9725082e+01
  -1.1172961e+02   4.2152342e+02
  -3.6788238e+02   4.6353985e+02
   3.2530899e+02  -4.4408336e+02
   3.5798322e+02  -2.0609085e+02
   2.6851318e+02   4.8443162e+02
   3.8936141e+02  -2.0993558e+02
   1.9759251e+02  -4.2260437e+02
   1.5127404e+02  -1.4065791e+02
  -6.3224130e+01  -1.7064771e+02
  -3.4965863e+00   1.2942185e+02
  -2.7092205e+01  -8.6392925e+01
   8.3220938e+01   7.8385540e+01
   2.2138911e+02  -2.2486636e+01
   2.3653597e+01   2.0304575e+02
  -1.9790291e+02   4.2269895e+02
  -9.7470057e+01  -1.9477435e+02
  -1.6105010e+02   3.6404589e+01
  -2.3244453e+02   1.7485410e+02
  -6.1162745e+01   3.1503591e+02
  -3.9664942e+02   2.1130649e+02
  -3.5533501e+02   2.7483842e+02
   3.6050010e+02   3.5928110e+02
   6.4737522e+01  -2.2421374e+02
  -3.9944666e+02  -3.1785189e+02
   1.3071945e+02  -1.5070499e+02
  -1.8462988e+01   4.2530491e+02
   3.5501728e+02  -1.1983867e+02
   4.2132626e+02   1.0274134e+01
  -1.7441049e+02  -8.5740716e+01
   4.5257924e+02  -2.1216379e+02
   2.3343200e+02   2.2442068e+02
  -4.1008442e+02   2.3232133e+02
  -1.3663222e+02  -3.0602422e+01
  -7.5281937e+01  -1.3911143e+02
   4.8576696e+02   3.4032692e+02
   2.8015037e+02  -3.3832275e+02
   5.5390736e+01  -1.2719203e+02
   1.3274920e+02   1.1773995e+02
  -4.0943408e+02  -3.0667312e+02
   1.7089674e+02  -4.1254085e+01
  -4.6922108e+02   2.4462072e+02
   5.7882088e+01   3.0241849e+02
   4.9081873e+02   1.8812862e+02
  -2.3464238e+02  -1.4846966e+02
  -1.7130548e+02   3.4497804e+01
   4.9842455e+02  -1.9908805e+02
   1.6181475e+02   4.7747270e+02
  -2.8064681e+02  -5.7342696e+01
   6.8487619e+01  -2.1621995e+02
  -1.4807244e+02   1.7644347e+02
  -4.5628514e+02  -2.8754302e+01
   4.0277000e+02   2.5220346e+02
  -2.5117694e+02  -2.0996351e+02
  -4.6550151e+02   2.5927241e+02
  -3.6272758e+02   2.0155087e+02
  -2.4984624e+02   8.9010866e+01
  -1.1976959e+02  -2.0957295e+02
   4.3794290e+02  -4.1258789e+02
  -4.6528948e+02  -2.7614849e+02
  -1.2183751e+02   3.6858634e+02
  -3.2174923e+02  -2.9793945e+02
  -4.6515702e+02  -4.6595331e+02
   3.7561608e+02   3.3219187e+02
   4.7101480e+02  -3.8049038e+02
   8.0812763e+01   2.5265997e+02
  -1.3062103e+02   2.2624250e+02
   8.3240255e+01   1.3239702e+02
   6.2591644e+01   3.9842351e+01
   1.7099032e+01  -5.6559623e+00
   1.9290721e+02   9.4066881e+01
   1.1620526e+02   1.0094685e+02
   1.7149759e+02   1.2232969e+02
   1.8642862e+02   3.3078441e+01
   1.3268204e+02  -2.5362103e+01
   1.4993467e+02   3.8653264e+01
   2.4568812e+01   8.1569320e+00
   5.2676049e+01   9.8994949e+01
   2.9269686e+01   1.3856101e+02
   9.0584427e+01   5.4811700e+01
   6.1439589e+01   2.2474119e+02
   3.2141377e+01   8.9432796e+01
  -2.6266042e+01   1.5845639e+02
   8.3637306e+01  -4.2642834e+00
   1.3184753e+02   5.3180908e+01
   3.7837598e+00   3.9848550e+01
   8.7213293e+01   2.4027411e+01
   1.1485926e+02   1.1554882e+02
   1.9979668e+02   9.1549114e+01
   2.6825224e+01   3.4077435e+01
   6.1221986e+01   2.2194482e+02
   8.6199662e+01   2.3128776e+02
   2.0900523e+02   2.0402510e+01
   3.8673148e+01   5.3392663e+00
   4.9633368e+01   8.7705075e+01
   1.6085496e+02   3.1349962e+01
   1.2029235e+02   3.4461244e+01
   1.1912561e+02   1.1653964e+02
   2.0031405e+02   1.9738591e+02
   9.1637240e+01   5.1262073e+01
   1.7897782e+02   2.5908536e+01
   1.1346018e+02  -1.4411356e+00
   8.7599293e+01   1.2492702e+02
   2.0114849e+02   1.5189970e+02
   6.2266359e+01   1.8146435e+02
   1.5029299e+02   1.7246680e+02
  -2.2561789e+01   7.4081358e+01
   2.1734561e+02   6.1407684e+01
   9.1265919e+01   8.8056249e+01
   6.1543391e+01   6.7316199e+00
   9.4546663e+01   5.6447629e+01
   1.7799406e+02   5.8306273e+00
   1.0598501e+02   1.3690873e+02
   1.5654081e+02   1.6812883e+02
   1.5356384e+02   1.7818202e+02
   1.8047109e+02   1.0582634e+02
   5.8991497e+01  -3.3721936e+01
  -2.3931893e+02  -2.7251603e+02
  -2.6545644e+02  -1.4792030e+02
  -2.0209806e+02  -2.6878426e+02
  -3.3976707e+02  -1.4961208e+02
  -3.2414732e+02  -1.4445250e+02
  -2.5280116e+02  -2.1330909e+02
  -3.6140229e+02  -1.1220805e+02
  -3.4410461e+02  -1.3461834e+02
  -2.5024873e+02  -2.7337081e+02
  -2.9296927e+02  -2.1703108e+02
  -3.3228479e+02  -2.7859773e+02
  -2.7123825e+02  -1.7976719e+02
  -2.0873566e+02  -2.4148716e+02
  -2.9209585e+02  -1.2197846e+02
  -3.9006853e+02  -1.4176302e+02
  -3.1384317e+02  -1.3548437e+02
  -3.1703628e+02  -2.8180216e+02
  -3.8508232e+02  -1.7983607e+02
  -2.6910266e+02  -2.1679125e+02
  -2.5365131e+02  -2.1214671e+02
  -3.3672616e+02  -3.0276648e+02
  -2.4902193e+02  -2.0262704e+02
  -2.7256431e+02  -1.4497863e+02
  -3.0588903e+02  -2.4024607e+02
  -3.3819719e+02  -2.1038450e+02
  -2.4123148e+02  -2.0591211e+02
  -2.5927816e+02  -2.0552088e+02
  -2.8628343e+02  -2.2935030e+02
  -1.9554144e+02  -1.6414187e+02
  -3.5675603e+02  -3.0561184e+02
  -3.7457141e+02  -2.7662171e+02
  -3.5511123e+02  -2.2819335e+02
  -3.8441462e+02  -1.9857747e+02
  -2.2815378e+02  -2.5169375e+02
  -3.6570169e+02  -1.8104940e+02
  -1.9988241e+02  -1.8997984e+02
  -3.4795217e+02  -1.4397391e+02
  -2.9530864e+02  -1.0217126e+02
  -2.9493591e+02  -2.5267517e+02
  -2.8377938e+02  -1.4328331e+02
  -3.6647354e+02  -2.2600542e+02
  -3.3104617e+02  -1.3215049e+02
  -2.9859847e+02  -3.1487717e+02
  -3.1054517e+02  -2.9960254e+02
  -1.9751217e+02  -2.6174026e+02
  -2.4873464e+02  -2.5266619e+02
  -2.5897091e+02  -2.5271920e+02
  -3.8052641e+02  -2.4147261e+02
  -3.8608303e+02  -1.5239051e+02
  -3.3811871e+02  -2.4429931e+02
   2.9982846e+02  -1.7232568e+02
   3.1574716e+02  -1.2333117e+02
   2.9968821e+02  -1.6157765e+02
   2.2155832e+02  -9.4782587e+01
   1.8759268e+02  -1.0998439e+02
   3.0236178e+02  -9.8803552e+01
   2.6149018e+02  -2.1211819e+02
   1.8520261e+02  -1.6292815e+02
   2.0599964e+02  -1.4416983e+02
   1.9206481e+02  -1.5528141e+02
   2.0006340e+02  -1.8519695e+02
   1.9445926e+02  -1.1082578e+02
   2.7740388e+02  -1.4721602e+02
   2.4900661e+02  -9.8631529e+01
   2.5547105e+02  -2.0544580e+02
   2.5790646e+02  -9.4030762e+01
   3.0371229e+02  -1.8331091e+02
   2.4311930e+02  -1.1431673e+02
   2.7476953e+02  -1.4939814e+02
   2.8551432e+02  -1.9820586e+02
   2.7346487e+02  -1.0025397e+02
   2.6554688e+02  -2.0505895e+02
   2.4867786e+02  -1.1876568e+02
   1.9915885e+02  -1.3022249e+02
   1.9449907e+02  -1.5072842e+02
   2.4347595e+02  -1.6371732e+02
   2.6485725e+02  -1.3903631e+02
   2.1036730e+02  -9.1299436e+01
   3.1606145e+02  -1.4614014e+02
   2.3432983e+02  -1.0500432e+02
   2.7760237e+02  -2.0795448e+02
   2.8677992e+02  -9.9920097e+01
   2.6469005e+02  -1.7798184e+02
   2.6812906e+02  -7.9275796e+01
   2.2641549e+02  -1.5745647e+02
   2.6973078e+02  -1.9913064e+02
   2.4591762e+02  -2.0788040e+02
   2.7015077e+02  -1.5310787e+02
   2.7259869e+02  -2.1961367e+02
   2.7374014e+02  -1.6581502e+02
   2.6904925e+02  -1.1682378e+02
   2.3886127e+02  -1.6494702e+02
   2.0312113e+02  -1.0905865e+02
   2.7240142e+02  -9.2572346e+01
   2.8492063e+02  -1.2179859e+02
   2.8047851e+02  -1.4669536e+02
   2.7000753e+02  -1.1091863e+02
   2.9524870e+02  -1.1441539e+02
   2.4205785e+02  -2.0989626e+02
   1.9530090e+02  -1.3591445e+02